-1 0.352218 0.417907 -15.5349 -0.452797
-0.99 0.355621 0.262896 -15.4625 -0.449257
-0.98 0.357478 0.108747 -15.3632 -0.44569
-0.97 0.3578 -0.0442861 -15.2396 -0.442112
-0.96 0.356597 -0.195973 -15.0943 -0.438539
-0.95 0.353885 -0.346107 -14.9296 -0.434985
-0.94 0.349681 -0.494507 -14.7475 -0.431466
-0.93 0.344002 -0.641006 -14.5498 -0.427997
-0.92 0.336867 -0.785456 -14.3379 -0.424591
-0.91 0.3283 -0.92772 -14.1129 -0.421264
-0.9 0.318321 -1.06767 -13.8754 -0.41803
-0.89 0.306954 -1.20519 -13.626 -0.414902
-0.88 0.294226 -1.34015 -13.3646 -0.411895
-0.87 0.28016 -1.47244 -13.0909 -0.409022
-0.86 0.264786 -1.60193 -12.8041 -0.406296
-0.85 0.248132 -1.72848 -12.5034 -0.403731
-0.84 0.230227 -1.85194 -12.1873 -0.401338
-0.83 0.211103 -1.97217 -11.8543 -0.39913
-0.82 0.190795 -2.08897 -11.5026 -0.39712
-0.81 0.169336 -2.20215 -11.13 -0.395318
-0.8 0.146765 -2.31149 -10.7345 -0.393737
-0.79 0.12312 -2.41675 -10.3137 -0.392386
-0.78 0.0984441 -2.51767 -9.86523 -0.391278
-0.77 0.072782 -2.61396 -9.38671 -0.390421
-0.76 0.0461814 -2.7053 -8.87579 -0.389825
-0.75 0.0186936 -2.79136 -8.33025 -0.3895
-0.74 -0.00962699 -2.87178 -7.748 -0.389454
-0.73 -0.038722 -2.94619 -7.12716 -0.389695
-0.72 -0.0685294 -3.01419 -6.46611 -0.390231
-0.71 -0.0989831 -3.07537 -5.76353 -0.391068
-0.7 -0.130013 -3.12932 -5.01848 -0.392213
-0.69 -0.161544 -3.1756 -4.23039 -0.39367
-0.68 -0.193498 -3.21378 -3.39913 -0.395445
-0.67 -0.225791 -3.24344 -2.52506 -0.397541
-0.66 -0.258337 -3.26415 -1.609 -0.399962
-0.65 -0.291043 -3.27548 -0.652308 -0.402708
-0.64 -0.323814 -3.27706 0.343143 -0.405783
-0.63 -0.35655 -3.2685 1.37495 -0.409184
-0.62 -0.389149 -3.24945 2.44017 -0.412913
-0.61 -0.421503 -3.2196 3.53536 -0.416967
-0.6 -0.453504 -3.17866 4.65654 -0.421342
-0.59 -0.485039 -3.12639 5.7993 -0.426035
-0.58 -0.515994 -3.06262 6.95872 -0.431041
-0.57 -0.546252 -2.98718 8.12953 -0.436353
-0.56 -0.575698 -2.90001 9.30606 -0.441963
-0.55 -0.604213 -2.80106 10.4823 -0.447864
-0.54 -0.63168 -2.69038 11.6521 -0.454044
-0.53 -0.657982 -2.56806 12.8088 -0.460493
-0.52 -0.683003 -2.43427 13.9461 -0.467199
-0.51 -0.70663 -2.28923 15.0571 -0.474149
-0.5 -0.728751 -2.13324 16.1352 -0.481327
-0.49 -0.749259 -1.96666 17.1738 -0.488718
-0.48 -0.768051 -1.78992 18.1664 -0.496306
-0.47 -0.785025 -1.6035 19.1067 -0.504073
-0.46 -0.80009 -1.40798 19.9886 -0.512001
-0.45 -0.813157 -1.20394 20.8064 -0.520068
-0.44 -0.824143 -0.992079 21.5547 -0.528257
-0.43 -0.832974 -0.773099 22.2285 -0.536544
-0.42 -0.839584 -0.547772 22.8234 -0.544909
-0.41 -0.843911 -0.316908 23.3353 -0.553328
-0.4 -0.845906 -0.0813544 23.7608 -0.561779
-0.39 -0.845526 0.15801 24.097 -0.570238
-0.38 -0.842736 0.400279 24.3415 -0.578682
-0.37 -0.837514 0.644528 24.4927 -0.587085
-0.36 -0.829842 0.889817 24.5493 -0.595424
-0.35 -0.819717 1.1352 24.511 -0.603674
-0.34 -0.807141 1.37972 24.3776 -0.61181
-0.33 -0.792129 1.62244 24.1498 -0.619808
-0.32 -0.774702 1.86241 23.8288 -0.627645
-0.31 -0.754893 2.09871 23.4162 -0.635295
-0.3 -0.732743 2.33043 22.9141 -0.642735
-0.29 -0.708302 2.5567 22.3251 -0.649942
-0.28 -0.68163 2.77665 21.6522 -0.656893
-0.27 -0.652793 2.98947 20.8987 -0.663567
-0.26 -0.621867 3.19437 20.0683 -0.669942
-0.25 -0.588935 3.3906 19.165 -0.675998
-0.24 -0.554086 3.57744 18.1928 -0.681714
-0.23 -0.517419 3.75424 17.1561 -0.687073
-0.22 -0.479037 3.92036 16.0594 -0.692057
-0.21 -0.43905 4.07524 14.9073 -0.696649
-0.2 -0.397572 4.21834 13.7043 -0.700833
-0.19 -0.354724 4.34917 12.4553 -0.704596
-0.18 -0.310631 4.4673 11.1648 -0.707923
-0.17 -0.265421 4.57234 9.83749 -0.710805
-0.16 -0.219228 4.66395 8.47809 -0.713229
-0.15 -0.172188 4.74181 7.09112 -0.715186
-0.14 -0.124439 4.80569 5.68111 -0.71667
-0.13 -0.0761215 4.85537 4.25249 -0.717673
-0.12 -0.0273791 4.8907 2.80964 -0.718191
-0.11 0.0216441 4.91153 1.35688 -0.71822
-0.1 0.070803 4.91781 -0.101547 -0.717758
-0.09 0.119952 4.9095 -1.56145 -0.716804
-0.08 0.168944 4.88659 -3.01869 -0.715359
-0.07 0.217635 4.84915 -4.46913 -0.713426
-0.06 0.265879 4.79725 -5.9087 -0.711008
-0.05 0.313532 4.73102 -7.33329 -0.70811
-0.04 0.360452 4.65065 -8.73883 -0.70474
-0.03 0.406499 4.55632 -10.1212 -0.700904
-0.02 0.451533 4.44831 -11.4763 -0.696613
-0.01 0.49542 4.3269 -12.8 -0.691877
7.5287e-16 0.538028 4.19243 -14.088 -0.686709
0.01 0.579227 4.04528 -15.3363 -0.681121
0.02 0.618892 3.88585 -16.5405 -0.67513
0.03 0.656904 3.71463 -17.6964 -0.668749
0.04 0.693147 3.5321 -18.7998 -0.661997
0.05 0.727511 3.33882 -19.8465 -0.654892
0.06 0.75989 3.13537 -20.8322 -0.647454
0.07 0.790186 2.92239 -21.7529 -0.639702
0.08 0.818308 2.70055 -22.6045 -0.631657
0.09 0.84417 2.47055 -23.3831 -0.623343
0.1 0.867694 2.23314 -24.0851 -0.614782
0.11 0.888811 1.98911 -24.7067 -0.605997
0.12 0.907457 1.73928 -25.2448 -0.597014
0.13 0.92358 1.4845 -25.6963 -0.587856
0.14 0.937134 1.22565 -26.0585 -0.578551
0.15 0.948083 0.96364 -26.329 -0.569122
0.16 0.956399 0.699388 -26.5057 -0.559598
0.17 0.962066 0.433843 -26.5873 -0.550003
0.18 0.965075 0.167964 -26.5724 -0.540365
0.19 0.965427 -0.0972822 -26.4606 -0.530711
0.2 0.963135 -0.360924 -26.2517 -0.521066
0.21 0.958217 -0.621993 -25.946 -0.511457
0.22 0.950707 -0.879526 -25.5446 -0.50191
0.23 0.940642 -1.13257 -25.049 -0.492451
0.24 0.928073 -1.3802 -24.4611 -0.483105
0.25 0.913059 -1.62149 -23.7835 -0.473898
0.26 0.895667 -1.85558 -23.0194 -0.464852
0.27 0.875974 -2.08161 -22.1724 -0.455992
0.28 0.854065 -2.29877 -21.2467 -0.44734
0.29 0.830031 -2.50629 -20.2468 -0.438918
0.3 0.803973 -2.70347 -19.1779 -0.430746
0.31 0.775998 -2.88964 -18.0453 -0.422845
0.32 0.746219 -3.06419 -16.855 -0.415232
0.33 0.714755 -3.22657 -15.613 -0.407926
0.34 0.68173 -3.37629 -14.3257 -0.400942
0.35 0.647273 -3.51295 -12.9998 -0.394296
0.36 0.611516 -3.63618 -11.642 -0.388001
0.37 0.574595 -3.74571 -10.2593 -0.38207
0.38 0.536648 -3.84131 -8.85855 -0.376513
0.39 0.497816 -3.92284 -7.44671 -0.37134
0.4 0.458239 -3.99023 -6.03067 -0.366559
0.41 0.418058 -4.04346 -4.61719 -0.362177
0.42 0.377416 -4.0826 -3.21288 -0.358199
0.43 0.336453 -4.10777 -1.82416 -0.35463
0.44 0.295307 -4.11916 -0.457165 -0.351471
0.45 0.254115 -4.11701 0.88224 -0.348724
0.46 0.213011 -4.10162 2.18853 -0.346388
0.47 0.172125 -4.07337 3.45654 -0.344463
0.48 0.131585 -4.03264 4.6815 -0.342945
0.49 0.0915125 -3.97989 5.85904 -0.34183
0.5 0.0520255 -3.91563 6.98525 -0.341112
0.51 0.0132366 -3.84037 8.05664 -0.340787
0.52 -0.0247471 -3.75469 9.07018 -0.340845
0.53 -0.0618244 -3.65917 10.0233 -0.341279
0.54 -0.0978998 -3.55443 10.9139 -0.342078
0.55 -0.132884 -3.44111 11.7403 -0.343233
0.56 -0.166695 -3.31984 12.5013 -0.344732
0.57 -0.199257 -3.1913 13.1961 -0.346563
0.58 -0.230499 -3.05614 13.8243 -0.348713
0.59 -0.26036 -2.91504 14.386 -0.351168
0.6 -0.288783 -2.76864 14.8815 -0.353915
0.61 -0.315717 -2.61762 15.3116 -0.356939
0.62 -0.341122 -2.46262 15.6774 -0.360224
0.63 -0.364959 -2.30429 15.9801 -0.363756
0.64 -0.387198 -2.14323 16.2215 -0.367518
0.65 -0.407816 -1.98006 16.4033 -0.371495
0.66 -0.426794 -1.81535 16.5276 -0.375669
0.67 -0.44412 -1.64969 16.5968 -0.380025
0.68 -0.459787 -1.48359 16.6131 -0.384546
0.69 -0.473792 -1.31759 16.5791 -0.389215
0.7 -0.48614 -1.15217 16.4975 -0.394016
0.71 -0.496839 -0.987792 16.3708 -0.398932
0.72 -0.505901 -0.824894 16.2018 -0.403947
0.73 -0.513343 -0.663887 15.9934 -0.409045
0.74 -0.519187 -0.50515 15.7481 -0.414209
0.75 -0.523455 -0.349038 15.4688 -0.419424
0.76 -0.526177 -0.195879 15.1581 -0.424673
0.77 -0.527384 -0.0459713 14.8188 -0.429942
0.78 -0.527108 0.10041 14.4534 -0.435216
0.79 -0.525388 0.243018 14.0644 -0.440479
0.8 -0.522261 0.381628 13.6543 -0.445719
0.81 -0.517769 0.51604 13.2253 -0.45092
0.82 -0.511955 0.646079 12.7798 -0.45607
0.83 -0.504863 0.771589 12.32 -0.461155
0.84 -0.496539 0.892437 11.8477 -0.466163
0.85 -0.48703 1.00851 11.3651 -0.471082
0.86 -0.476385 1.11971 10.8738 -0.4759
0.87 -0.464652 1.22596 10.3757 -0.480606
0.88 -0.451882 1.32721 9.87225 -0.485189
0.89 -0.438125 1.42339 9.3651 -0.48964
0.9 -0.423431 1.5145 8.85561 -0.493949
0.91 -0.407852 1.6005 8.34511 -0.498106
0.92 -0.391438 1.6814 7.83482 -0.502103
0.93 -0.374241 1.7572 7.32588 -0.505932
0.94 -0.356311 1.82793 6.81934 -0.509585
0.95 -0.337699 1.8936 6.31619 -0.513056
0.96 -0.318456 1.95427 5.81733 -0.516337
0.97 -0.298631 2.00997 5.32358 -0.519423
0.98 -0.278273 2.06076 4.83573 -0.522308
0.99 -0.257432 2.1067 4.35448 -0.524987
1 -0.236155 2.14787 3.88048 -0.527455
